0
0,2
22
7
True
3 16 21 5 8 7 2
20 25 24 20 19 1 19
. 23 21 18 2 11 11
17 22 17 3 12 10 .
13 16 4 13 6 9 9
14 15 14 5 8 7 15
4 . . 18 12 10 6
50
0 2 21 0 1 0 21
1 0 20 0 1 6 20
1 6 19 0 6 3 19
6 3 18 0 3 0 18
3 0 17 0 0 1 17
0 1 16 0 5 6 16
5 6 15 0 5 0 15
5 0 14 0 4 0 14
4 0 13 0 6 4 13
6 4 12 0 2 6 12
2 6 11 0 6 5 11
6 5 10 0 4 6 10
4 6 9 0 0 4 9
0 4 8 0 0 5 8
0 5 7 0 6 6 7
6 6 6 0 0 3 6
0 3 5 0 6 0 5
6 0 4 0 0 0 4
0 0 3 0 0 6 3
0 6 2 0 0 2 2
0 2 4 0 0 3 4
0 3 3 0 0 4 3
0 4 2 0 3 0 2
3 0 12 0 2 6 12
2 6 11 0 3 6 11
3 6 10 0 6 5 10
6 5 9 0 6 4 9
6 4 8 0 0 5 8
0 5 7 0 4 6 7
4 6 6 0 5 6 6
5 6 5 0 0 2 5
0 2 4 0 0 3 4
0 3 3 0 0 4 3
0 4 2 0 6 1 2
6 1 16 0 0 1 16
0 1 15 0 0 2 15
0 2 14 0 6 3 14
6 3 13 0 6 4 13
6 4 12 0 2 6 12
2 6 11 0 3 6 11
3 6 10 0 4 6 10
4 6 9 0 0 4 9
0 4 8 0 0 5 8
0 5 7 0 6 6 7
6 6 6 0 0 3 6
0 3 5 0 6 0 5
6 0 4 0 0 0 4
0 0 3 0 0 6 3
0 6 2 0 0 6 2
0 6 3 0 0 4 3
